2.522190000000000000e+05
8.703800000000000000e+04
1.744820000000000000e+05
6.818000000000000000e+03
4.809850000000000000e+05
3.313520000000000000e+05
5.021360000000000000e+05
1.847910000000000000e+05
3.488810000000000000e+05
2.893930000000000000e+05
5.227130000000000000e+05
1.439310000000000000e+05
4.603470000000000000e+05
3.228640000000000000e+05
2.261110000000000000e+05
1.532990000000000000e+05
4.564960000000000000e+05
4.188800000000000000e+04
5.657780000000000000e+05
2.973430000000000000e+05
2.195780000000000000e+05
5.557050000000000000e+05
4.433030000000000000e+05
5.006630000000000000e+05
4.182810000000000000e+05
2.556000000000000000e+04
4.038170000000000000e+05
2.392740000000000000e+05
2.869940000000000000e+05
5.113210000000000000e+05
3.142940000000000000e+05
4.757790000000000000e+05
1.852500000000000000e+05
5.725170000000000000e+05
2.702440000000000000e+05
1.252110000000000000e+05
3.606610000000000000e+05
3.820880000000000000e+05
2.664090000000000000e+05
4.309610000000000000e+05
8.067100000000000000e+04
5.775390000000000000e+05
1.046120000000000000e+05
4.762580000000000000e+05
4.483650000000000000e+05
3.519700000000000000e+04
3.498600000000000000e+05
4.005730000000000000e+05
1.097980000000000000e+05
3.706770000000000000e+05
5.027370000000000000e+05
5.154450000000000000e+05
1.733830000000000000e+05
1.805600000000000000e+05
3.212140000000000000e+05
4.740280000000000000e+05
6.652300000000000000e+04
3.552570000000000000e+05
1.420920000000000000e+05
6.315400000000000000e+04
1.995510000000000000e+05
2.393470000000000000e+05
5.145080000000000000e+05
2.281440000000000000e+05
7.891500000000000000e+04
5.445190000000000000e+05
9.649300000000000000e+04
4.342300000000000000e+05
4.284540000000000000e+05
3.994620000000000000e+05
1.683300000000000000e+05
3.833840000000000000e+05
3.420060000000000000e+05
2.172850000000000000e+05
2.364120000000000000e+05
9.578600000000000000e+04
2.313390000000000000e+05
5.504260000000000000e+05
3.682940000000000000e+05
3.292190000000000000e+05
3.487300000000000000e+04
2.637960000000000000e+05
3.653870000000000000e+05
4.875830000000000000e+05
5.047110000000000000e+05
3.112950000000000000e+05
1.663910000000000000e+05
4.815300000000000000e+04
4.591530000000000000e+05
2.231300000000000000e+05
1.989600000000000000e+05
3.440590000000000000e+05
4.104280000000000000e+05
8.787500000000000000e+04
4.507580000000000000e+05
4.601600000000000000e+05
4.581090000000000000e+05
3.067500000000000000e+04
3.384280000000000000e+05
2.693140000000000000e+05
4.764150000000000000e+05
3.601370000000000000e+05
1.220460000000000000e+05
5.128360000000000000e+05
8.021000000000000000e+03
8.447700000000000000e+04
5.622430000000000000e+05
1.818590000000000000e+05
2.880420000000000000e+05
5.002570000000000000e+05
1.134030000000000000e+05
3.750150000000000000e+05
3.347190000000000000e+05
1.341120000000000000e+05
2.835200000000000000e+05
3.126900000000000000e+04
3.197210000000000000e+05
1.653510000000000000e+05
3.472650000000000000e+05
4.141700000000000000e+05
3.893810000000000000e+05
1.189210000000000000e+05
7.850000000000000000e+02
3.008420000000000000e+05
1.050140000000000000e+05
2.619820000000000000e+05
3.420500000000000000e+04
3.147090000000000000e+05
3.394420000000000000e+05
4.094750000000000000e+05
4.647860000000000000e+05
3.786050000000000000e+05
5.785450000000000000e+05
3.725770000000000000e+05
2.121660000000000000e+05
2.948310000000000000e+05
8.443100000000000000e+04
1.005820000000000000e+05
4.495000000000000000e+03
9.483000000000000000e+03
3.982370000000000000e+05
5.072230000000000000e+05
3.105000000000000000e+04
3.409300000000000000e+05
1.181300000000000000e+04
2.814140000000000000e+05
2.842820000000000000e+05
3.213330000000000000e+05
5.212820000000000000e+05
1.080260000000000000e+05
1.779350000000000000e+05
3.973270000000000000e+05
5.550500000000000000e+05
3.764420000000000000e+05
3.563470000000000000e+05
2.930440000000000000e+05
5.602790000000000000e+05
1.907560000000000000e+05
1.999770000000000000e+05
4.424800000000000000e+05
3.843500000000000000e+05
3.836210000000000000e+05
1.898280000000000000e+05
5.371530000000000000e+05
3.611030000000000000e+05
3.385600000000000000e+05
2.645350000000000000e+05
2.952310000000000000e+05
1.549470000000000000e+05
2.125590000000000000e+05
4.587550000000000000e+05
1.047820000000000000e+05
3.152570000000000000e+05
1.305990000000000000e+05
2.271870000000000000e+05
1.516620000000000000e+05
5.238110000000000000e+05
4.565590000000000000e+05
1.010680000000000000e+05
5.446050000000000000e+05
3.851900000000000000e+05
5.399400000000000000e+04
3.140340000000000000e+05
2.914900000000000000e+05
2.491900000000000000e+04
7.983700000000000000e+04
3.370550000000000000e+05
1.106380000000000000e+05
3.413900000000000000e+04
8.311300000000000000e+04
1.730330000000000000e+05
7.281300000000000000e+04
5.451290000000000000e+05
5.460110000000000000e+05
1.210310000000000000e+05
1.725470000000000000e+05
3.690810000000000000e+05
4.640890000000000000e+05
1.777140000000000000e+05
4.598870000000000000e+05
1.551790000000000000e+05
3.962740000000000000e+05
2.964000000000000000e+04
1.413280000000000000e+05
3.084300000000000000e+05
4.331400000000000000e+04
2.737150000000000000e+05
4.066110000000000000e+05
4.665670000000000000e+05
1.507900000000000000e+04
2.962840000000000000e+05
2.269030000000000000e+05
3.666110000000000000e+05
2.639690000000000000e+05
5.514390000000000000e+05
1.594580000000000000e+05
5.547350000000000000e+05
9.942800000000000000e+04
3.113940000000000000e+05
3.122370000000000000e+05
2.212910000000000000e+05
4.106500000000000000e+05
1.993100000000000000e+05
3.231510000000000000e+05
2.192830000000000000e+05
4.718690000000000000e+05
1.111790000000000000e+05
5.723800000000000000e+04
5.027320000000000000e+05
8.277000000000000000e+03
1.730440000000000000e+05
1.684580000000000000e+05
5.121940000000000000e+05
5.339580000000000000e+05
2.022280000000000000e+05
4.035650000000000000e+05
4.415860000000000000e+05
5.300990000000000000e+05
3.122780000000000000e+05
9.767900000000000000e+04
5.641270000000000000e+05
2.510650000000000000e+05
3.845000000000000000e+03
1.388190000000000000e+05
2.058340000000000000e+05
3.487080000000000000e+05
9.905400000000000000e+04
2.296900000000000000e+04
5.705390000000000000e+05
2.783530000000000000e+05
1.585480000000000000e+05
1.766060000000000000e+05
4.469900000000000000e+04
2.689960000000000000e+05
1.119700000000000000e+04
4.488100000000000000e+05
7.240000000000000000e+02
5.196100000000000000e+04
1.311310000000000000e+05
9.883900000000000000e+04
4.029920000000000000e+05
4.656750000000000000e+05
2.407540000000000000e+05
1.487300000000000000e+05
1.868730000000000000e+05
8.218000000000000000e+04
4.465220000000000000e+05
5.529020000000000000e+05
1.254050000000000000e+05
1.102110000000000000e+05
1.601000000000000000e+04
6.446200000000000000e+04
3.141820000000000000e+05
2.489800000000000000e+05
6.838700000000000000e+04
4.292810000000000000e+05
3.529000000000000000e+05
1.183670000000000000e+05
1.132350000000000000e+05
3.113030000000000000e+05
3.709990000000000000e+05
1.490000000000000000e+03
8.826900000000000000e+04
1.934940000000000000e+05
2.527760000000000000e+05
2.010720000000000000e+05
3.374980000000000000e+05
5.214050000000000000e+05
2.016460000000000000e+05
2.346070000000000000e+05
3.238950000000000000e+05
3.846700000000000000e+05
5.032600000000000000e+04
2.055420000000000000e+05
2.179570000000000000e+05
1.620350000000000000e+05
4.625200000000000000e+04
1.820210000000000000e+05
9.028400000000000000e+04
4.887360000000000000e+05
3.833860000000000000e+05
4.506860000000000000e+05
5.060000000000000000e+03
2.865230000000000000e+05
1.204200000000000000e+05
5.796550000000000000e+05
3.228440000000000000e+05
2.237470000000000000e+05
4.589920000000000000e+05
1.646020000000000000e+05
1.017620000000000000e+05
5.575010000000000000e+05
2.033170000000000000e+05
3.689400000000000000e+05
1.447980000000000000e+05
2.846230000000000000e+05
5.203010000000000000e+05
1.279870000000000000e+05
4.882700000000000000e+05
6.718000000000000000e+04
1.502650000000000000e+05
2.167390000000000000e+05
3.548290000000000000e+05
5.251550000000000000e+05
1.633140000000000000e+05
2.595710000000000000e+05
5.616790000000000000e+05
2.361660000000000000e+05
2.538350000000000000e+05
3.407100000000000000e+04
3.686100000000000000e+04
5.695650000000000000e+05
2.056470000000000000e+05
1.231310000000000000e+05
3.340060000000000000e+05
2.298580000000000000e+05
1.740040000000000000e+05
9.769000000000000000e+03
5.581140000000000000e+05
2.057760000000000000e+05
1.632570000000000000e+05
8.547800000000000000e+04
3.180800000000000000e+05
3.615510000000000000e+05
2.367840000000000000e+05
9.283900000000000000e+04
4.229600000000000000e+04
5.602660000000000000e+05
4.864790000000000000e+05
1.279550000000000000e+05
3.076580000000000000e+05
4.174650000000000000e+05
3.429710000000000000e+05
1.176000000000000000e+04
7.015800000000000000e+04
1.766340000000000000e+05
2.814470000000000000e+05
3.619190000000000000e+05
1.381150000000000000e+05
1.148710000000000000e+05
3.743690000000000000e+05
1.232130000000000000e+05
1.233210000000000000e+05
1.527800000000000000e+04
3.577420000000000000e+05
4.658360000000000000e+05
4.143850000000000000e+05
1.315560000000000000e+05
3.227240000000000000e+05
3.206640000000000000e+05
1.099160000000000000e+05
2.764340000000000000e+05
2.953160000000000000e+05
1.158980000000000000e+05
3.295420000000000000e+05
2.239590000000000000e+05
5.600110000000000000e+05
3.857600000000000000e+04
5.793070000000000000e+05
1.544250000000000000e+05
4.328980000000000000e+05
4.049230000000000000e+05
1.305860000000000000e+05
1.630570000000000000e+05
7.511000000000000000e+03
6.740600000000000000e+04
2.901790000000000000e+05
2.487520000000000000e+05
4.944270000000000000e+05
3.111800000000000000e+05
9.165400000000000000e+04
1.119510000000000000e+05
1.035850000000000000e+05
3.525840000000000000e+05
3.276010000000000000e+05
2.557490000000000000e+05
8.762000000000000000e+03
5.355780000000000000e+05
5.807570000000000000e+05
1.650390000000000000e+05
1.487190000000000000e+05
1.084400000000000000e+05
5.798180000000000000e+05
4.232290000000000000e+05
3.238280000000000000e+05
1.662870000000000000e+05
1.014200000000000000e+05
1.967590000000000000e+05
4.116650000000000000e+05
5.267510000000000000e+05
2.402100000000000000e+04
4.782800000000000000e+04
1.837160000000000000e+05
2.719970000000000000e+05
8.532000000000000000e+03
9.433600000000000000e+04
1.105100000000000000e+04
3.609600000000000000e+05
4.214550000000000000e+05
5.045890000000000000e+05
4.645220000000000000e+05
4.547500000000000000e+05
5.097350000000000000e+05
2.303400000000000000e+04
1.416710000000000000e+05
4.572800000000000000e+04
4.245510000000000000e+05
3.417190000000000000e+05
7.279500000000000000e+04
4.172850000000000000e+05
4.381600000000000000e+04
4.555550000000000000e+05
5.353060000000000000e+05
3.050400000000000000e+04
4.731180000000000000e+05
2.831130000000000000e+05
2.261300000000000000e+05
9.727800000000000000e+04
5.324930000000000000e+05
4.300560000000000000e+05
4.412860000000000000e+05
8.850000000000000000e+02
3.782840000000000000e+05
2.298490000000000000e+05
5.634400000000000000e+04
1.933480000000000000e+05
8.317200000000000000e+04
2.596900000000000000e+05
2.051050000000000000e+05
1.764460000000000000e+05
3.085310000000000000e+05
4.553520000000000000e+05
2.326840000000000000e+05
4.152380000000000000e+05
2.908430000000000000e+05
5.195220000000000000e+05
1.447840000000000000e+05
3.922280000000000000e+05
8.005700000000000000e+04
5.701690000000000000e+05
1.635620000000000000e+05
1.027070000000000000e+05
5.159800000000000000e+04
5.209100000000000000e+05
1.312730000000000000e+05
2.064110000000000000e+05
4.723750000000000000e+05
4.814040000000000000e+05
4.719910000000000000e+05
1.743600000000000000e+04
1.655180000000000000e+05
4.594670000000000000e+05
1.348860000000000000e+05
4.858950000000000000e+05
5.771820000000000000e+05
2.892220000000000000e+05
3.728190000000000000e+05
3.100720000000000000e+05
4.308750000000000000e+05
6.034700000000000000e+04
4.207000000000000000e+04
4.535840000000000000e+05
2.962240000000000000e+05
1.226060000000000000e+05
3.119090000000000000e+05
5.798930000000000000e+05
2.842960000000000000e+05
2.210170000000000000e+05
3.150010000000000000e+05
4.397150000000000000e+05
2.849910000000000000e+05
7.884300000000000000e+04
1.229270000000000000e+05
2.255320000000000000e+05
1.535680000000000000e+05
3.956330000000000000e+05
4.190960000000000000e+05
3.612680000000000000e+05
5.081010000000000000e+05
2.533860000000000000e+05
2.229910000000000000e+05
1.384920000000000000e+05
2.634630000000000000e+05
3.784540000000000000e+05
2.005900000000000000e+04
2.276860000000000000e+05
4.762150000000000000e+05
2.976980000000000000e+05
2.669000000000000000e+04
1.769010000000000000e+05
3.347670000000000000e+05
3.015630000000000000e+05
8.675500000000000000e+04
1.944710000000000000e+05
4.202810000000000000e+05
9.981000000000000000e+04
8.967000000000000000e+04
4.822750000000000000e+05
4.257020000000000000e+05
4.774000000000000000e+04
1.443900000000000000e+04
4.473140000000000000e+05
1.813030000000000000e+05
5.835000000000000000e+04
2.646500000000000000e+04
7.673100000000000000e+04
4.339800000000000000e+05
5.613660000000000000e+05
5.176870000000000000e+05
2.130350000000000000e+05
3.498370000000000000e+05
3.500020000000000000e+05
1.314310000000000000e+05
5.072350000000000000e+05
4.815730000000000000e+05
1.234800000000000000e+05
2.746870000000000000e+05
1.646370000000000000e+05
1.780280000000000000e+05
4.932860000000000000e+05
3.482160000000000000e+05
3.450270000000000000e+05
1.026440000000000000e+05
5.816150000000000000e+05
2.300080000000000000e+05
2.846980000000000000e+05
1.023560000000000000e+05
3.237090000000000000e+05
5.253220000000000000e+05
3.311400000000000000e+04
3.816390000000000000e+05
2.176140000000000000e+05
4.681240000000000000e+05
2.731980000000000000e+05
9.584300000000000000e+04
4.177790000000000000e+05
4.473420000000000000e+05
1.665630000000000000e+05
4.901250000000000000e+05
5.610090000000000000e+05
1.836750000000000000e+05
2.902480000000000000e+05
5.320580000000000000e+05
5.780930000000000000e+05
4.290110000000000000e+05
3.010610000000000000e+05
1.052640000000000000e+05
2.539300000000000000e+04
4.710870000000000000e+05
1.067570000000000000e+05
4.926900000000000000e+04
7.914400000000000000e+04
5.196880000000000000e+05
4.317270000000000000e+05
2.152450000000000000e+05
9.192100000000000000e+04
2.184240000000000000e+05
4.739740000000000000e+05
2.357840000000000000e+05
5.215400000000000000e+05
1.194450000000000000e+05
5.070150000000000000e+05
1.738300000000000000e+05
3.564980000000000000e+05
1.857500000000000000e+04
3.733150000000000000e+05
2.277650000000000000e+05
1.354600000000000000e+04
6.731000000000000000e+04
4.140340000000000000e+05
4.504880000000000000e+05
9.918200000000000000e+04
2.324890000000000000e+05
3.518230000000000000e+05
6.573600000000000000e+04
3.798420000000000000e+05
1.858900000000000000e+05
2.610970000000000000e+05
4.105100000000000000e+05
2.142240000000000000e+05
2.554830000000000000e+05
2.224550000000000000e+05
1.872710000000000000e+05
5.445650000000000000e+05
3.697710000000000000e+05
2.895160000000000000e+05
4.520840000000000000e+05
4.135520000000000000e+05
1.737900000000000000e+04
1.767780000000000000e+05
1.045720000000000000e+05
9.010800000000000000e+04
8.622000000000000000e+04
5.086020000000000000e+05
1.717800000000000000e+04
3.141770000000000000e+05
3.131820000000000000e+05
1.494060000000000000e+05
1.803830000000000000e+05
4.024330000000000000e+05
4.499960000000000000e+05
1.686190000000000000e+05
1.035480000000000000e+05
1.533800000000000000e+04
5.125640000000000000e+05
3.366580000000000000e+05
2.602660000000000000e+05
1.060480000000000000e+05
4.790990000000000000e+05
2.691960000000000000e+05
3.154500000000000000e+05
1.710500000000000000e+05
2.438670000000000000e+05
2.635940000000000000e+05
2.723640000000000000e+05
1.389790000000000000e+05
5.194910000000000000e+05
1.002830000000000000e+05
5.636530000000000000e+05
1.130510000000000000e+05
2.867080000000000000e+05
4.757320000000000000e+05
1.082440000000000000e+05
1.211530000000000000e+05
2.323000000000000000e+04
8.648300000000000000e+04
5.211410000000000000e+05
6.126800000000000000e+04
4.935660000000000000e+05
1.914710000000000000e+05
1.985100000000000000e+05
1.265920000000000000e+05
4.162690000000000000e+05
5.210520000000000000e+05
3.323180000000000000e+05
4.159900000000000000e+05
2.006670000000000000e+05
7.759500000000000000e+04
1.901400000000000000e+05
4.768100000000000000e+05
5.402800000000000000e+05
1.262160000000000000e+05
4.079600000000000000e+05
4.228360000000000000e+05
4.936130000000000000e+05
2.179480000000000000e+05
3.170240000000000000e+05
4.635220000000000000e+05
5.478860000000000000e+05
1.249750000000000000e+05
6.935600000000000000e+04
1.624150000000000000e+05
3.771130000000000000e+05
7.965100000000000000e+04
4.399940000000000000e+05
4.303770000000000000e+05
5.127760000000000000e+05
9.515500000000000000e+04
1.849780000000000000e+05
1.990550000000000000e+05
1.286990000000000000e+05
1.215910000000000000e+05
4.245210000000000000e+05
2.540160000000000000e+05
7.394600000000000000e+04
2.308190000000000000e+05
8.271500000000000000e+04
8.519500000000000000e+04
4.352990000000000000e+05
5.082800000000000000e+04
2.769600000000000000e+04
5.411230000000000000e+05
4.096300000000000000e+05
3.437060000000000000e+05
1.993950000000000000e+05
5.145860000000000000e+05
2.797740000000000000e+05
4.740780000000000000e+05
8.720000000000000000e+02
3.203800000000000000e+04
2.617320000000000000e+05
1.212000000000000000e+04
5.346010000000000000e+05
2.883910000000000000e+05
5.317710000000000000e+05
1.138670000000000000e+05
3.496780000000000000e+05
3.841360000000000000e+05
1.730570000000000000e+05
5.491360000000000000e+05
5.767200000000000000e+04
1.386390000000000000e+05
1.108840000000000000e+05
5.231750000000000000e+05
5.992000000000000000e+04
3.439340000000000000e+05
2.217540000000000000e+05
5.227510000000000000e+05
5.038410000000000000e+05
1.270920000000000000e+05
4.824770000000000000e+05
3.696750000000000000e+05
1.518570000000000000e+05
5.056380000000000000e+05
5.391430000000000000e+05
3.160540000000000000e+05
2.311690000000000000e+05
4.886640000000000000e+05
4.448790000000000000e+05
2.970220000000000000e+05
4.070830000000000000e+05
2.122260000000000000e+05
2.208580000000000000e+05
2.444110000000000000e+05
4.531660000000000000e+05
6.894000000000000000e+03
1.336310000000000000e+05
2.799270000000000000e+05
1.610320000000000000e+05
3.189080000000000000e+05
4.609270000000000000e+05
1.398830000000000000e+05
3.482430000000000000e+05
3.174330000000000000e+05
1.324080000000000000e+05
1.912880000000000000e+05
2.601060000000000000e+05
1.005100000000000000e+05
4.414420000000000000e+05
1.402700000000000000e+05
5.539900000000000000e+05
3.265420000000000000e+05
2.507660000000000000e+05
2.378100000000000000e+04
3.273060000000000000e+05
5.678250000000000000e+05
4.859720000000000000e+05
9.494400000000000000e+04
1.510510000000000000e+05
9.371700000000000000e+04
3.945100000000000000e+05
1.819300000000000000e+04
9.217700000000000000e+04
1.425000000000000000e+03
2.347790000000000000e+05
4.851300000000000000e+05
4.035840000000000000e+05
4.075700000000000000e+04
3.506200000000000000e+04
5.037550000000000000e+05
3.206420000000000000e+05
4.947590000000000000e+05
4.095420000000000000e+05
4.270550000000000000e+05
1.199950000000000000e+05
3.693230000000000000e+05
1.796530000000000000e+05
4.009220000000000000e+05
2.264080000000000000e+05
1.527710000000000000e+05
3.093910000000000000e+05
4.809440000000000000e+05
5.686900000000000000e+05
3.821220000000000000e+05
2.348070000000000000e+05
6.083500000000000000e+04
2.139350000000000000e+05
5.025990000000000000e+05
2.241190000000000000e+05
4.170430000000000000e+05
3.932820000000000000e+05
7.803200000000000000e+04
4.720300000000000000e+05
5.379640000000000000e+05
5.424230000000000000e+05
3.449090000000000000e+05
1.405560000000000000e+05
1.896980000000000000e+05
4.075180000000000000e+05
3.106220000000000000e+05
2.069940000000000000e+05
5.232410000000000000e+05
2.587930000000000000e+05
4.690670000000000000e+05
5.590990000000000000e+05
3.117890000000000000e+05
2.010250000000000000e+05
5.493900000000000000e+05
4.019910000000000000e+05
5.457300000000000000e+05
3.641020000000000000e+05
1.329100000000000000e+04
4.403360000000000000e+05
1.487830000000000000e+05
3.253060000000000000e+05
4.882510000000000000e+05
4.372050000000000000e+05
6.255400000000000000e+04
1.389540000000000000e+05
2.894170000000000000e+05
7.760000000000000000e+02
4.701210000000000000e+05
3.094670000000000000e+05
3.276050000000000000e+05
4.510840000000000000e+05
2.247900000000000000e+04
2.431480000000000000e+05
2.497860000000000000e+05
5.810620000000000000e+05
1.859500000000000000e+05
4.419500000000000000e+04
4.991090000000000000e+05
4.781360000000000000e+05
4.511500000000000000e+05
1.489570000000000000e+05
2.511190000000000000e+05
3.641260000000000000e+05
3.543070000000000000e+05
4.835310000000000000e+05
1.701910000000000000e+05
4.459990000000000000e+05
4.268360000000000000e+05
5.579160000000000000e+05
9.902400000000000000e+04
3.053090000000000000e+05
3.119280000000000000e+05
3.849490000000000000e+05
1.961410000000000000e+05
5.228890000000000000e+05
3.798800000000000000e+04
4.189610000000000000e+05
1.546440000000000000e+05
1.771400000000000000e+04
4.740390000000000000e+05
1.537820000000000000e+05
2.146500000000000000e+04
8.466400000000000000e+04
4.617510000000000000e+05
4.669860000000000000e+05
1.708930000000000000e+05
4.651790000000000000e+05
5.671970000000000000e+05
4.982860000000000000e+05
4.373920000000000000e+05
1.532170000000000000e+05
3.946110000000000000e+05
2.110690000000000000e+05
4.550850000000000000e+05
2.820460000000000000e+05
5.428560000000000000e+05
1.206200000000000000e+04
4.275000000000000000e+05
1.551700000000000000e+04
2.136050000000000000e+05
2.707050000000000000e+05
5.448110000000000000e+05
4.365510000000000000e+05
3.895320000000000000e+05
3.967000000000000000e+04
4.297180000000000000e+05
5.636040000000000000e+05
1.623660000000000000e+05
1.246360000000000000e+05
5.518150000000000000e+05
7.856500000000000000e+04
4.929920000000000000e+05
1.078510000000000000e+05
1.059230000000000000e+05
3.250310000000000000e+05
1.666420000000000000e+05
2.256700000000000000e+05
5.753570000000000000e+05
1.864220000000000000e+05
2.527160000000000000e+05
2.053240000000000000e+05
4.473130000000000000e+05
1.729770000000000000e+05
5.608800000000000000e+05
4.494060000000000000e+05
4.916130000000000000e+05
6.158400000000000000e+04
2.440990000000000000e+05
4.606820000000000000e+05
4.811590000000000000e+05
2.880900000000000000e+04
5.067900000000000000e+04
1.076400000000000000e+04
5.378270000000000000e+05
3.298270000000000000e+05
1.618200000000000000e+05
1.163620000000000000e+05
5.002700000000000000e+05
3.081650000000000000e+05
1.252450000000000000e+05
5.444440000000000000e+05
3.782440000000000000e+05
2.583880000000000000e+05
3.581950000000000000e+05
3.553000000000000000e+03
2.538190000000000000e+05
1.879900000000000000e+05
5.193800000000000000e+04
3.967290000000000000e+05
3.471740000000000000e+05
4.395250000000000000e+05
3.029900000000000000e+05
2.625870000000000000e+05
1.177190000000000000e+05
1.274760000000000000e+05
4.993130000000000000e+05
5.117600000000000000e+05
3.617300000000000000e+05
4.270770000000000000e+05
2.039310000000000000e+05
6.979500000000000000e+04
5.777350000000000000e+05
3.255270000000000000e+05
3.469680000000000000e+05
2.292160000000000000e+05
1.996810000000000000e+05
2.941630000000000000e+05
1.762320000000000000e+05
4.074030000000000000e+05
5.628430000000000000e+05
5.870500000000000000e+04
2.483340000000000000e+05
5.350500000000000000e+04
7.882300000000000000e+04
5.272200000000000000e+05
1.789820000000000000e+05
3.324550000000000000e+05
1.521200000000000000e+05
5.175230000000000000e+05
5.477000000000000000e+03
3.913750000000000000e+05
4.426610000000000000e+05
6.913800000000000000e+04
5.482670000000000000e+05
3.151870000000000000e+05
7.641700000000000000e+04
1.385500000000000000e+05
2.440190000000000000e+05
4.396230000000000000e+05
3.433150000000000000e+05
4.680400000000000000e+04
3.404510000000000000e+05
4.808420000000000000e+05
5.465560000000000000e+05
9.849700000000000000e+04
3.387180000000000000e+05
2.287710000000000000e+05
5.016500000000000000e+04
1.589560000000000000e+05
3.118830000000000000e+05
2.407670000000000000e+05
4.318960000000000000e+05
4.424560000000000000e+05
7.922900000000000000e+04
1.884390000000000000e+05
4.687200000000000000e+04
5.325750000000000000e+05
4.890140000000000000e+05
2.578960000000000000e+05
2.844900000000000000e+04
3.931150000000000000e+05
3.708130000000000000e+05
4.427460000000000000e+05
2.365920000000000000e+05
1.165890000000000000e+05
3.695410000000000000e+05
1.229690000000000000e+05
3.819710000000000000e+05
2.367300000000000000e+05
5.760520000000000000e+05
5.171200000000000000e+04
4.802750000000000000e+05
4.767700000000000000e+05
2.207640000000000000e+05
4.937990000000000000e+05
3.127200000000000000e+05
5.689810000000000000e+05
5.466260000000000000e+05
5.328550000000000000e+05
3.821000000000000000e+04
5.633490000000000000e+05
1.058300000000000000e+04
7.445700000000000000e+04
1.773570000000000000e+05
1.852920000000000000e+05
4.938640000000000000e+05
1.028200000000000000e+05
3.813600000000000000e+05
3.048120000000000000e+05
3.332370000000000000e+05
5.595000000000000000e+04
1.752510000000000000e+05
3.682120000000000000e+05
1.906370000000000000e+05
2.393180000000000000e+05
1.503000000000000000e+03
2.847430000000000000e+05
6.579800000000000000e+04
3.121920000000000000e+05
1.547050000000000000e+05
1.929040000000000000e+05
3.846610000000000000e+05
3.418280000000000000e+05
4.559600000000000000e+04
2.326490000000000000e+05
1.723300000000000000e+05
1.235850000000000000e+05
4.559810000000000000e+05
1.926990000000000000e+05
5.603120000000000000e+05
4.465200000000000000e+04
4.988570000000000000e+05
5.751870000000000000e+05
3.196070000000000000e+05
2.019340000000000000e+05
5.839300000000000000e+04
4.235190000000000000e+05
5.168040000000000000e+05
4.414680000000000000e+05
3.281100000000000000e+04
1.303860000000000000e+05
4.178760000000000000e+05
1.731830000000000000e+05
8.927100000000000000e+04
5.654500000000000000e+04
2.212130000000000000e+05
5.346390000000000000e+05
4.217800000000000000e+04
1.062810000000000000e+05
4.128870000000000000e+05
1.319380000000000000e+05
5.409280000000000000e+05
4.457220000000000000e+05
1.158850000000000000e+05
4.965970000000000000e+05
2.378640000000000000e+05
2.160400000000000000e+04
2.679400000000000000e+05
4.861120000000000000e+05
2.732320000000000000e+05
2.923300000000000000e+05
5.134840000000000000e+05
1.702900000000000000e+04
1.631180000000000000e+05
5.475020000000000000e+05
9.000300000000000000e+04
4.591950000000000000e+05
1.884650000000000000e+05
4.115300000000000000e+05
1.917610000000000000e+05
3.862770000000000000e+05
4.510430000000000000e+05
5.528420000000000000e+05
4.475220000000000000e+05
3.425700000000000000e+04
1.617990000000000000e+05
4.905150000000000000e+05
4.456020000000000000e+05
4.000440000000000000e+05
8.027300000000000000e+04
1.934290000000000000e+05
5.301460000000000000e+05
1.873620000000000000e+05
2.187900000000000000e+04
2.527010000000000000e+05
5.183260000000000000e+05
4.638020000000000000e+05
9.642700000000000000e+04
1.897750000000000000e+05
3.769000000000000000e+05
5.098240000000000000e+05
1.862820000000000000e+05
6.876500000000000000e+04
3.595400000000000000e+05
4.279970000000000000e+05
4.259250000000000000e+05
2.828500000000000000e+04
2.075380000000000000e+05
5.132600000000000000e+04
3.916480000000000000e+05
3.689820000000000000e+05
4.965710000000000000e+05
3.082800000000000000e+04
2.323480000000000000e+05
4.456580000000000000e+05
5.528830000000000000e+05
3.836060000000000000e+05
5.612560000000000000e+05
3.540720000000000000e+05
2.899920000000000000e+05
2.097470000000000000e+05
3.656420000000000000e+05
1.048030000000000000e+05
4.108780000000000000e+05
2.798200000000000000e+04
1.492220000000000000e+05
4.892400000000000000e+04
1.404200000000000000e+05
4.663390000000000000e+05
4.596340000000000000e+05
4.883850000000000000e+05
5.660420000000000000e+05
3.626820000000000000e+05
3.575010000000000000e+05
9.826100000000000000e+04
3.965180000000000000e+05
2.077280000000000000e+05
4.107120000000000000e+05
2.986970000000000000e+05
1.068810000000000000e+05
2.902930000000000000e+05
4.741640000000000000e+05
4.352060000000000000e+05
3.009130000000000000e+05
4.168370000000000000e+05
4.981000000000000000e+04
6.355200000000000000e+04
5.659620000000000000e+05
2.172190000000000000e+05
6.196000000000000000e+04
5.659890000000000000e+05
4.776890000000000000e+05
2.585410000000000000e+05
2.683750000000000000e+05
4.235060000000000000e+05
5.103290000000000000e+05
1.398720000000000000e+05
3.398230000000000000e+05
8.988000000000000000e+04
8.280700000000000000e+04
1.046030000000000000e+05
3.525820000000000000e+05
2.507580000000000000e+05
2.797690000000000000e+05
6.088600000000000000e+04
8.844000000000000000e+03
1.084950000000000000e+05
4.210600000000000000e+05
7.977000000000000000e+03
4.899240000000000000e+05
1.559700000000000000e+04
5.283140000000000000e+05
4.012500000000000000e+05
1.112070000000000000e+05
1.298120000000000000e+05
3.362090000000000000e+05
5.582130000000000000e+05
4.929680000000000000e+05
2.335900000000000000e+04
6.304700000000000000e+04
3.778140000000000000e+05
3.648840000000000000e+05
3.275920000000000000e+05
1.085030000000000000e+05
2.431990000000000000e+05
4.830500000000000000e+05
1.215860000000000000e+05
2.920240000000000000e+05
1.044240000000000000e+05
5.632810000000000000e+05
3.152190000000000000e+05
5.593480000000000000e+05
2.768040000000000000e+05
4.344790000000000000e+05
8.774200000000000000e+04
4.860400000000000000e+05
2.062180000000000000e+05
4.829700000000000000e+05
4.784200000000000000e+05
3.695030000000000000e+05
8.020000000000000000e+02
4.566620000000000000e+05
5.252860000000000000e+05
3.305540000000000000e+05
5.304570000000000000e+05
3.750780000000000000e+05
5.007160000000000000e+05
2.571690000000000000e+05
1.730910000000000000e+05
4.893390000000000000e+05
3.027600000000000000e+05
2.688310000000000000e+05
2.366600000000000000e+04
5.604740000000000000e+05
3.123400000000000000e+05
1.753870000000000000e+05
4.799120000000000000e+05
4.950540000000000000e+05
5.435280000000000000e+05
2.559170000000000000e+05
1.334800000000000000e+04
4.204720000000000000e+05
7.641600000000000000e+04
9.839200000000000000e+04
1.424720000000000000e+05
5.161430000000000000e+05
4.262800000000000000e+04
3.694420000000000000e+05
5.231940000000000000e+05
2.135930000000000000e+05
1.516570000000000000e+05
1.844000000000000000e+05
4.782860000000000000e+05
2.523320000000000000e+05
5.193380000000000000e+05
3.524910000000000000e+05
3.778820000000000000e+05
6.449500000000000000e+04
1.975280000000000000e+05
2.292210000000000000e+05
2.057100000000000000e+04
2.303620000000000000e+05
2.239550000000000000e+05
2.693160000000000000e+05
1.818000000000000000e+03
3.912900000000000000e+05
4.795960000000000000e+05
1.329310000000000000e+05
4.345480000000000000e+05
5.561580000000000000e+05
1.571380000000000000e+05
4.070020000000000000e+05
4.392900000000000000e+05
5.591600000000000000e+05
1.860420000000000000e+05
5.168710000000000000e+05
4.438440000000000000e+05
3.598330000000000000e+05
1.885920000000000000e+05
1.254720000000000000e+05
4.281110000000000000e+05
1.456650000000000000e+05
5.812060000000000000e+05
5.324810000000000000e+05
4.302860000000000000e+05
6.396500000000000000e+04
4.988070000000000000e+05
4.751910000000000000e+05
3.164040000000000000e+05
2.615350000000000000e+05
2.038640000000000000e+05
3.717490000000000000e+05
5.496740000000000000e+05
3.827430000000000000e+05
9.326100000000000000e+04
5.772500000000000000e+04
4.743440000000000000e+05
3.574300000000000000e+05
8.834500000000000000e+04
2.737120000000000000e+05
6.688600000000000000e+04
5.262560000000000000e+05
3.446140000000000000e+05
4.352050000000000000e+05
3.110810000000000000e+05
4.093580000000000000e+05
3.422950000000000000e+05
1.023310000000000000e+05
3.767000000000000000e+04
2.434950000000000000e+05
3.898120000000000000e+05
4.562920000000000000e+05
5.537760000000000000e+05
1.690760000000000000e+05
1.398710000000000000e+05
3.195340000000000000e+05
2.052820000000000000e+05
7.918800000000000000e+04
5.778620000000000000e+05
4.609670000000000000e+05
1.831040000000000000e+05
5.200700000000000000e+04
2.833180000000000000e+05
3.358000000000000000e+05
4.925900000000000000e+04
2.787490000000000000e+05
5.055650000000000000e+05
5.509390000000000000e+05
5.022290000000000000e+05
3.339560000000000000e+05
3.661990000000000000e+05
1.552910000000000000e+05
2.671690000000000000e+05
5.662820000000000000e+05
1.463630000000000000e+05
6.753400000000000000e+04
4.081200000000000000e+05
2.506190000000000000e+05
4.758500000000000000e+04
1.984890000000000000e+05
9.448000000000000000e+03
3.049400000000000000e+04
2.834120000000000000e+05
3.206320000000000000e+05
2.216930000000000000e+05
8.298600000000000000e+04
2.513900000000000000e+04
2.522160000000000000e+05
3.484880000000000000e+05
4.065700000000000000e+05
5.062790000000000000e+05
1.729350000000000000e+05
3.973510000000000000e+05
1.617810000000000000e+05
2.887620000000000000e+05
3.137830000000000000e+05
4.662560000000000000e+05
3.645570000000000000e+05
2.576240000000000000e+05
4.501000000000000000e+05
1.099500000000000000e+04
1.497700000000000000e+05
2.400230000000000000e+05
1.177440000000000000e+05
2.714020000000000000e+05
2.890590000000000000e+05
3.710420000000000000e+05
4.061290000000000000e+05
5.416640000000000000e+05
5.750810000000000000e+05
1.449840000000000000e+05
7.464600000000000000e+04
2.270500000000000000e+04
5.467170000000000000e+05
2.941620000000000000e+05
4.626430000000000000e+05
5.548380000000000000e+05
2.430340000000000000e+05
5.865500000000000000e+04
2.655180000000000000e+05
6.670600000000000000e+04
3.861340000000000000e+05
2.105200000000000000e+05
2.373160000000000000e+05
4.024730000000000000e+05
2.618880000000000000e+05
2.017750000000000000e+05
1.356700000000000000e+05
2.237890000000000000e+05
5.152660000000000000e+05
1.070870000000000000e+05
1.415970000000000000e+05
3.094950000000000000e+05
1.872490000000000000e+05
1.330870000000000000e+05
5.370530000000000000e+05
5.585580000000000000e+05
5.004770000000000000e+05
3.754930000000000000e+05
2.997200000000000000e+05
3.248180000000000000e+05
5.029100000000000000e+05
9.161900000000000000e+04
2.347570000000000000e+05
1.843380000000000000e+05
1.549700000000000000e+04
3.442680000000000000e+05
8.159400000000000000e+04
4.169910000000000000e+05
4.333740000000000000e+05
1.828050000000000000e+05
2.978300000000000000e+05
4.091980000000000000e+05
2.916190000000000000e+05
3.303960000000000000e+05
1.711500000000000000e+04
4.976100000000000000e+04
3.562610000000000000e+05
2.753920000000000000e+05
8.826500000000000000e+04
1.194520000000000000e+05
2.053330000000000000e+05
3.277800000000000000e+05
1.976580000000000000e+05
5.732580000000000000e+05
2.310970000000000000e+05
1.062660000000000000e+05
1.070940000000000000e+05
4.000820000000000000e+05
1.275300000000000000e+05
3.627160000000000000e+05
3.217900000000000000e+05
4.631740000000000000e+05
1.526860000000000000e+05
1.833910000000000000e+05
4.441420000000000000e+05
1.704740000000000000e+05
3.820090000000000000e+05
5.272150000000000000e+05
4.052790000000000000e+05
5.285780000000000000e+05
2.162960000000000000e+05
4.824870000000000000e+05
3.002330000000000000e+05
7.818000000000000000e+03
2.164190000000000000e+05
1.472050000000000000e+05
5.507140000000000000e+05
1.632580000000000000e+05
1.720700000000000000e+04
3.943280000000000000e+05
1.367720000000000000e+05
3.181700000000000000e+04
3.638750000000000000e+05
1.873700000000000000e+04
4.987090000000000000e+05
5.517940000000000000e+05
5.752050000000000000e+05
3.611420000000000000e+05
1.185150000000000000e+05
5.468290000000000000e+05
9.432600000000000000e+04
3.061360000000000000e+05
2.212810000000000000e+05
4.748810000000000000e+05
2.242000000000000000e+05
2.939700000000000000e+04
3.896840000000000000e+05
5.276160000000000000e+05
5.006130000000000000e+05
3.446110000000000000e+05
2.598540000000000000e+05
1.575100000000000000e+04
1.271350000000000000e+05
1.553410000000000000e+05
3.894510000000000000e+05
4.784740000000000000e+05
1.726480000000000000e+05
3.997640000000000000e+05
4.253900000000000000e+05
3.965800000000000000e+05
2.322440000000000000e+05
4.119530000000000000e+05
5.801970000000000000e+05
4.917570000000000000e+05
1.671280000000000000e+05
2.921550000000000000e+05
8.848500000000000000e+04
8.176600000000000000e+04
3.762780000000000000e+05
1.272630000000000000e+05
4.648720000000000000e+05
5.624430000000000000e+05
2.427240000000000000e+05
2.068380000000000000e+05
6.077000000000000000e+04
1.290540000000000000e+05
3.802030000000000000e+05
3.678180000000000000e+05
5.493100000000000000e+04
5.504710000000000000e+05
3.273500000000000000e+04
4.072980000000000000e+05
4.635420000000000000e+05
4.552670000000000000e+05
5.440520000000000000e+05
3.846660000000000000e+05
4.358100000000000000e+04
5.459200000000000000e+04
2.309830000000000000e+05
6.133300000000000000e+04
2.326920000000000000e+05
4.685770000000000000e+05
4.487700000000000000e+04
3.868790000000000000e+05
4.078680000000000000e+05
4.335150000000000000e+05
5.497380000000000000e+05
4.664160000000000000e+05
2.153000000000000000e+03
5.063800000000000000e+04
2.075850000000000000e+05
4.262530000000000000e+05
2.491800000000000000e+05
3.532600000000000000e+04
4.856400000000000000e+04
3.366280000000000000e+05
7.353300000000000000e+04
1.643630000000000000e+05
4.682330000000000000e+05
1.255720000000000000e+05
1.705950000000000000e+05
2.957970000000000000e+05
3.359540000000000000e+05
3.473350000000000000e+05
1.291130000000000000e+05
3.508330000000000000e+05
2.869070000000000000e+05
5.321290000000000000e+05
3.864570000000000000e+05
4.630370000000000000e+05
3.836760000000000000e+05
2.611610000000000000e+05
4.904130000000000000e+05
1.712980000000000000e+05
4.434980000000000000e+05
4.860460000000000000e+05
2.829120000000000000e+05
5.064540000000000000e+05
4.484480000000000000e+05
3.656550000000000000e+05
4.648240000000000000e+05
1.657130000000000000e+05
2.224580000000000000e+05
3.345210000000000000e+05
1.824410000000000000e+05
1.611280000000000000e+05
2.368450000000000000e+05
3.852050000000000000e+05
1.250720000000000000e+05
1.185940000000000000e+05
4.064170000000000000e+05
5.314950000000000000e+05
2.107080000000000000e+05
5.688140000000000000e+05
4.722980000000000000e+05
4.741700000000000000e+05
4.079430000000000000e+05
1.819690000000000000e+05
3.438030000000000000e+05
1.519620000000000000e+05
3.641660000000000000e+05
3.504880000000000000e+05
4.007940000000000000e+05
3.087930000000000000e+05
5.618890000000000000e+05
2.807790000000000000e+05
3.501000000000000000e+03
5.259100000000000000e+04
8.354000000000000000e+04
2.967500000000000000e+04
3.653900000000000000e+04
4.309730000000000000e+05
1.099920000000000000e+05
3.959030000000000000e+05
2.043290000000000000e+05
3.316040000000000000e+05
1.216730000000000000e+05
3.124890000000000000e+05
5.490550000000000000e+05
1.808780000000000000e+05
3.257000000000000000e+04
3.762060000000000000e+05
3.125520000000000000e+05
4.363150000000000000e+05
5.096990000000000000e+05
3.085870000000000000e+05
2.084230000000000000e+05
3.667800000000000000e+04
2.704740000000000000e+05
6.235500000000000000e+04
2.542400000000000000e+04
2.691210000000000000e+05
3.513310000000000000e+05
1.323290000000000000e+05
4.865730000000000000e+05
3.350810000000000000e+05
3.207060000000000000e+05
1.195160000000000000e+05
2.698660000000000000e+05
4.592720000000000000e+05
2.920600000000000000e+05
3.616210000000000000e+05
4.465740000000000000e+05
3.652070000000000000e+05
1.761000000000000000e+03
4.003670000000000000e+05
3.929330000000000000e+05
3.500230000000000000e+05
5.279600000000000000e+05
5.744250000000000000e+05
4.499090000000000000e+05
1.280510000000000000e+05
2.868490000000000000e+05
3.737050000000000000e+05
2.930710000000000000e+05
2.222350000000000000e+05
5.090080000000000000e+05
1.570980000000000000e+05
1.151180000000000000e+05
1.989150000000000000e+05
1.927160000000000000e+05
9.015500000000000000e+04
3.448160000000000000e+05
1.305660000000000000e+05
1.931620000000000000e+05
2.194400000000000000e+05
1.488800000000000000e+04
4.795000000000000000e+03
3.579410000000000000e+05
3.122130000000000000e+05
1.675000000000000000e+03
3.976900000000000000e+04
5.038230000000000000e+05
3.108620000000000000e+05
4.276490000000000000e+05
2.033300000000000000e+04
4.202300000000000000e+05
4.510900000000000000e+05
1.228000000000000000e+04
5.702700000000000000e+04
1.088640000000000000e+05
4.059720000000000000e+05
2.948550000000000000e+05
1.259520000000000000e+05
2.515720000000000000e+05
1.945060000000000000e+05
4.828000000000000000e+05
2.505700000000000000e+04
4.814130000000000000e+05
1.133540000000000000e+05
5.468230000000000000e+05
2.908330000000000000e+05
3.723070000000000000e+05
5.755000000000000000e+05
4.632830000000000000e+05
5.621970000000000000e+05
1.949400000000000000e+05
1.274940000000000000e+05
1.327030000000000000e+05
5.518040000000000000e+05
4.026150000000000000e+05
1.661650000000000000e+05
3.579030000000000000e+05
5.005650000000000000e+05
3.653850000000000000e+05
3.724660000000000000e+05
2.402700000000000000e+04
5.304700000000000000e+05
3.703750000000000000e+05
3.284300000000000000e+05
5.625810000000000000e+05
4.514350000000000000e+05
7.539300000000000000e+04
3.453970000000000000e+05
9.415700000000000000e+04
1.054550000000000000e+05
3.480120000000000000e+05
5.078930000000000000e+05
2.270440000000000000e+05
1.671220000000000000e+05
1.547180000000000000e+05
1.807920000000000000e+05
3.329010000000000000e+05
4.456750000000000000e+05
5.045800000000000000e+05
3.475440000000000000e+05
2.557180000000000000e+05
9.020800000000000000e+04
5.373550000000000000e+05
4.342470000000000000e+05
5.427760000000000000e+05
1.175250000000000000e+05
6.040000000000000000e+03
4.906000000000000000e+04
1.596840000000000000e+05
5.004230000000000000e+05
1.468250000000000000e+05
4.593960000000000000e+05
1.190380000000000000e+05
3.781390000000000000e+05
4.163500000000000000e+04
3.962050000000000000e+05
4.217570000000000000e+05
3.704780000000000000e+05
1.495680000000000000e+05
2.009610000000000000e+05
3.671950000000000000e+05
2.691130000000000000e+05
2.590970000000000000e+05
6.449900000000000000e+04
2.016760000000000000e+05
1.212420000000000000e+05
1.916140000000000000e+05
3.042910000000000000e+05
5.090140000000000000e+05
9.089100000000000000e+04
4.342970000000000000e+05
4.748540000000000000e+05
5.010050000000000000e+05
3.811800000000000000e+04
3.503880000000000000e+05
1.922100000000000000e+04
1.486620000000000000e+05
2.559120000000000000e+05
4.199000000000000000e+04
1.755350000000000000e+05
2.974270000000000000e+05
5.778640000000000000e+05
1.627320000000000000e+05
3.807110000000000000e+05
5.163180000000000000e+05
6.010200000000000000e+04
2.293500000000000000e+04
5.655970000000000000e+05
3.453850000000000000e+05
2.668920000000000000e+05
1.970220000000000000e+05
3.603930000000000000e+05
5.158280000000000000e+05
4.297610000000000000e+05
3.356580000000000000e+05
4.146760000000000000e+05
1.343220000000000000e+05
4.252270000000000000e+05
1.160680000000000000e+05
4.620310000000000000e+05
2.237380000000000000e+05
5.634700000000000000e+05
5.161000000000000000e+04
1.822020000000000000e+05
4.288900000000000000e+04
3.229680000000000000e+05
5.464750000000000000e+05
3.028820000000000000e+05
2.289810000000000000e+05
3.166660000000000000e+05
2.518240000000000000e+05
1.754430000000000000e+05
4.813860000000000000e+05
4.910710000000000000e+05
5.378120000000000000e+05
2.289420000000000000e+05
6.548500000000000000e+04
4.081120000000000000e+05
8.475200000000000000e+04
2.183900000000000000e+04
3.294100000000000000e+04
4.538410000000000000e+05
5.719430000000000000e+05
4.788620000000000000e+05
3.205540000000000000e+05
4.332430000000000000e+05
1.866370000000000000e+05
2.275500000000000000e+04
2.830370000000000000e+05
5.624480000000000000e+05
2.443790000000000000e+05
3.228290000000000000e+05
3.440290000000000000e+05
3.599370000000000000e+05
5.667580000000000000e+05
1.010220000000000000e+05
3.351770000000000000e+05
4.710230000000000000e+05
5.564980000000000000e+05
2.518100000000000000e+04
5.724400000000000000e+04
1.168250000000000000e+05
1.107840000000000000e+05
3.932260000000000000e+05
1.716110000000000000e+05
2.231880000000000000e+05
2.036390000000000000e+05
1.618750000000000000e+05
1.877000000000000000e+04
1.449320000000000000e+05
3.690370000000000000e+05
2.103880000000000000e+05
2.035460000000000000e+05
2.222990000000000000e+05
4.142610000000000000e+05
5.212310000000000000e+05
5.475190000000000000e+05
3.552400000000000000e+05
5.046350000000000000e+05
2.398570000000000000e+05
4.454390000000000000e+05
3.882500000000000000e+04
3.191840000000000000e+05
3.362650000000000000e+05
5.682130000000000000e+05
2.165160000000000000e+05
5.760310000000000000e+05
5.619580000000000000e+05
4.911300000000000000e+05
2.832680000000000000e+05
5.261970000000000000e+05
5.745200000000000000e+05
1.226720000000000000e+05
1.994420000000000000e+05
1.906480000000000000e+05
2.109150000000000000e+05
3.754690000000000000e+05
4.682450000000000000e+05
1.122980000000000000e+05
1.332440000000000000e+05
1.958420000000000000e+05
3.053170000000000000e+05
9.418500000000000000e+04
2.534330000000000000e+05
2.884300000000000000e+05
1.263900000000000000e+04
5.100950000000000000e+05
1.287480000000000000e+05
5.586000000000000000e+03
7.332600000000000000e+04
1.065630000000000000e+05
1.562920000000000000e+05
2.237100000000000000e+04
2.958090000000000000e+05
2.124530000000000000e+05
2.877140000000000000e+05
3.637840000000000000e+05
4.929370000000000000e+05
3.513620000000000000e+05
2.679030000000000000e+05
3.661000000000000000e+03
2.105020000000000000e+05
3.763650000000000000e+05
4.668350000000000000e+05
2.932450000000000000e+05
5.712640000000000000e+05
1.835000000000000000e+05
1.099000000000000000e+05
2.379840000000000000e+05
1.379500000000000000e+05
3.070740000000000000e+05
1.102820000000000000e+05
3.955750000000000000e+05
2.116740000000000000e+05
3.381910000000000000e+05
1.247980000000000000e+05
2.976810000000000000e+05
2.559300000000000000e+04
5.466590000000000000e+05
3.038630000000000000e+05
5.710080000000000000e+05
1.866240000000000000e+05
5.723030000000000000e+05
5.681470000000000000e+05
2.464540000000000000e+05
4.014460000000000000e+05
4.324680000000000000e+05
3.293190000000000000e+05
3.988100000000000000e+05
1.742310000000000000e+05
3.871480000000000000e+05
3.642970000000000000e+05
2.099720000000000000e+05
3.795330000000000000e+05
1.148840000000000000e+05
3.474560000000000000e+05
2.638600000000000000e+05
4.781900000000000000e+04
3.389010000000000000e+05
2.736420000000000000e+05
1.702780000000000000e+05
2.024700000000000000e+04
3.259910000000000000e+05
3.445200000000000000e+04
3.569680000000000000e+05
1.595600000000000000e+04
9.863300000000000000e+04
1.964420000000000000e+05
5.352530000000000000e+05
8.403100000000000000e+04
1.908530000000000000e+05
4.109340000000000000e+05
2.363080000000000000e+05
3.625200000000000000e+05
2.453200000000000000e+05
1.875850000000000000e+05
3.441700000000000000e+04
5.532210000000000000e+05
3.447950000000000000e+05
1.894510000000000000e+05
2.522800000000000000e+04
1.936740000000000000e+05
2.797200000000000000e+04
4.414910000000000000e+05
3.723490000000000000e+05
5.208710000000000000e+05
1.664780000000000000e+05
1.366000000000000000e+05
2.486310000000000000e+05
5.813170000000000000e+05
5.123300000000000000e+05
2.433440000000000000e+05
1.205720000000000000e+05
1.700990000000000000e+05
2.416020000000000000e+05
2.929970000000000000e+05
2.409400000000000000e+05
4.740950000000000000e+05
2.041860000000000000e+05
2.221180000000000000e+05
5.092600000000000000e+05
2.390410000000000000e+05
1.877450000000000000e+05
4.528910000000000000e+05
3.873870000000000000e+05
1.989280000000000000e+05
1.173740000000000000e+05
8.284600000000000000e+04
2.767200000000000000e+05
4.649700000000000000e+04
3.336970000000000000e+05
1.161500000000000000e+04
2.757270000000000000e+05
3.237510000000000000e+05
3.680380000000000000e+05
1.337780000000000000e+05
5.205310000000000000e+05
7.842000000000000000e+04
2.240930000000000000e+05
9.723000000000000000e+04
3.303690000000000000e+05
4.401710000000000000e+05
1.667680000000000000e+05
3.135880000000000000e+05
3.109800000000000000e+05
2.002520000000000000e+05
2.352410000000000000e+05
9.378000000000000000e+03
3.574590000000000000e+05
5.334930000000000000e+05
2.274820000000000000e+05
2.147530000000000000e+05
2.268830000000000000e+05
1.182090000000000000e+05
5.291050000000000000e+05
3.774860000000000000e+05
4.547980000000000000e+05
6.614000000000000000e+03
2.900810000000000000e+05
4.969540000000000000e+05
9.905300000000000000e+04
3.255000000000000000e+03
5.491670000000000000e+05
1.321160000000000000e+05
3.109300000000000000e+04
3.078500000000000000e+04
3.615060000000000000e+05
1.851900000000000000e+04
5.601780000000000000e+05
1.199110000000000000e+05
3.504050000000000000e+05
4.259060000000000000e+05
4.496030000000000000e+05
2.750580000000000000e+05
1.706130000000000000e+05
8.276500000000000000e+04
4.717560000000000000e+05
7.903100000000000000e+04
5.135240000000000000e+05
2.740660000000000000e+05
2.789730000000000000e+05
3.206960000000000000e+05
4.850710000000000000e+05
7.145100000000000000e+04
3.421860000000000000e+05
1.334180000000000000e+05
2.744110000000000000e+05
3.945590000000000000e+05
6.269200000000000000e+04
3.592190000000000000e+05
5.561930000000000000e+05
1.648830000000000000e+05
3.021070000000000000e+05
1.388560000000000000e+05
2.073060000000000000e+05
5.658770000000000000e+05
1.171970000000000000e+05
2.478060000000000000e+05
2.451730000000000000e+05
3.043960000000000000e+05
5.678860000000000000e+05
2.333700000000000000e+05
4.651290000000000000e+05
2.240510000000000000e+05
5.051690000000000000e+05
4.311400000000000000e+05
5.363430000000000000e+05
4.186960000000000000e+05
3.156000000000000000e+03
2.971470000000000000e+05
1.297560000000000000e+05
1.637460000000000000e+05
3.355290000000000000e+05
4.597570000000000000e+05
9.475100000000000000e+04
2.847250000000000000e+05
2.660820000000000000e+05
4.603790000000000000e+05
2.337270000000000000e+05
3.661780000000000000e+05
3.845130000000000000e+05
1.760370000000000000e+05
1.679020000000000000e+05
1.261070000000000000e+05
2.502050000000000000e+05
2.593820000000000000e+05
3.111900000000000000e+05
4.771180000000000000e+05
5.584210000000000000e+05
1.728560000000000000e+05
5.304660000000000000e+05
5.267060000000000000e+05
1.992400000000000000e+04
3.650980000000000000e+05
5.289800000000000000e+05
1.659800000000000000e+04
6.731500000000000000e+04
4.162560000000000000e+05
2.575660000000000000e+05
1.276600000000000000e+05
7.088000000000000000e+03
1.655000000000000000e+05
5.085860000000000000e+05
1.377400000000000000e+04
3.354500000000000000e+05
5.628800000000000000e+04
4.990310000000000000e+05
4.572620000000000000e+05
5.033100000000000000e+04
2.993550000000000000e+05
2.097570000000000000e+05
4.641440000000000000e+05
4.021180000000000000e+05
3.962000000000000000e+05
4.609290000000000000e+05
2.899380000000000000e+05
1.252570000000000000e+05
1.649690000000000000e+05
1.356040000000000000e+05
2.254050000000000000e+05
4.553010000000000000e+05
4.296230000000000000e+05
2.227350000000000000e+05
4.316930000000000000e+05
4.896110000000000000e+05
2.343660000000000000e+05
3.229440000000000000e+05
1.543390000000000000e+05
1.110360000000000000e+05
4.371100000000000000e+05
3.510960000000000000e+05
4.625760000000000000e+05
5.600000000000000000e+03
1.053350000000000000e+05
2.973530000000000000e+05
2.532000000000000000e+03
3.196960000000000000e+05
3.951800000000000000e+05
4.726230000000000000e+05
2.676700000000000000e+05
4.420090000000000000e+05
7.386000000000000000e+03
2.724160000000000000e+05
1.797650000000000000e+05
4.332040000000000000e+05
1.631550000000000000e+05
2.559650000000000000e+05
1.532000000000000000e+03
3.777230000000000000e+05
3.547530000000000000e+05
3.515590000000000000e+05
1.653360000000000000e+05
2.934740000000000000e+05
3.846160000000000000e+05
3.330690000000000000e+05
4.045680000000000000e+05
2.842790000000000000e+05
5.473830000000000000e+05
5.289770000000000000e+05
4.218340000000000000e+05
4.642510000000000000e+05
1.261100000000000000e+05
2.760240000000000000e+05
5.076670000000000000e+05
4.677760000000000000e+05
4.053060000000000000e+05
5.351560000000000000e+05
3.094840000000000000e+05
3.908260000000000000e+05
2.639660000000000000e+05
3.530510000000000000e+05
1.992360000000000000e+05
1.849100000000000000e+04
2.274910000000000000e+05
9.149500000000000000e+04
2.830700000000000000e+05
5.166010000000000000e+05
2.966340000000000000e+05
2.989940000000000000e+05
4.517140000000000000e+05
2.924150000000000000e+05
3.776350000000000000e+05
1.929640000000000000e+05
4.505590000000000000e+05
4.228860000000000000e+05
4.076500000000000000e+05
3.978500000000000000e+04
1.775390000000000000e+05
2.456510000000000000e+05
5.250700000000000000e+04
6.828600000000000000e+04
1.792140000000000000e+05
2.899600000000000000e+05
3.572380000000000000e+05
4.717890000000000000e+05
5.766540000000000000e+05
4.525150000000000000e+05
3.400150000000000000e+05
2.734930000000000000e+05
2.111200000000000000e+05
5.390900000000000000e+04
4.992660000000000000e+05
1.304650000000000000e+05
3.754300000000000000e+05
5.416340000000000000e+05
7.073900000000000000e+04
2.102990000000000000e+05
4.023460000000000000e+05
1.090550000000000000e+05
5.580730000000000000e+05
3.708180000000000000e+05
2.634740000000000000e+05
2.880620000000000000e+05
2.008390000000000000e+05
4.691920000000000000e+05
3.289590000000000000e+05
3.251140000000000000e+05
1.266700000000000000e+04
2.490250000000000000e+05
2.141920000000000000e+05
4.210200000000000000e+04
1.456200000000000000e+05
5.718570000000000000e+05
8.821800000000000000e+04
1.906760000000000000e+05
1.705450000000000000e+05
2.699420000000000000e+05
2.696820000000000000e+05
1.094410000000000000e+05
1.584000000000000000e+03
7.903400000000000000e+04
1.405830000000000000e+05
2.692600000000000000e+04
1.536320000000000000e+05
5.237820000000000000e+05
2.857880000000000000e+05
5.352900000000000000e+04
4.288800000000000000e+04
7.285200000000000000e+04
2.767070000000000000e+05
1.843240000000000000e+05
1.276240000000000000e+05
3.645870000000000000e+05
2.120720000000000000e+05
1.926070000000000000e+05
5.256500000000000000e+04
5.252470000000000000e+05
4.245450000000000000e+05
4.167580000000000000e+05
4.395000000000000000e+03
4.904700000000000000e+05
3.545470000000000000e+05
2.704020000000000000e+05
1.126260000000000000e+05
5.733910000000000000e+05
4.472000000000000000e+05
2.610360000000000000e+05
6.893300000000000000e+04
4.757100000000000000e+04
2.312600000000000000e+04
4.518790000000000000e+05
4.854800000000000000e+05
1.320100000000000000e+04
5.813570000000000000e+05
2.876670000000000000e+05
1.870550000000000000e+05
4.933340000000000000e+05
4.654300000000000000e+05
2.098290000000000000e+05
1.903070000000000000e+05
2.543680000000000000e+05
1.464890000000000000e+05
4.383040000000000000e+05
3.246140000000000000e+05
3.181380000000000000e+05
3.780990000000000000e+05
1.544310000000000000e+05
1.486200000000000000e+05
5.707560000000000000e+05
2.995530000000000000e+05
3.037130000000000000e+05
5.219560000000000000e+05
3.234960000000000000e+05
1.193650000000000000e+05
5.775840000000000000e+05
2.734200000000000000e+05
4.397730000000000000e+05
3.081930000000000000e+05
4.241350000000000000e+05
2.866600000000000000e+05
4.893050000000000000e+05
2.228250000000000000e+05
2.609250000000000000e+05
9.600100000000000000e+04
2.469630000000000000e+05
4.088300000000000000e+05
5.372410000000000000e+05
2.721360000000000000e+05
1.325870000000000000e+05
5.507200000000000000e+04
2.775840000000000000e+05
1.937170000000000000e+05
5.656070000000000000e+05
2.103940000000000000e+05
5.145400000000000000e+05
5.325300000000000000e+05
3.747270000000000000e+05
4.025190000000000000e+05
3.094520000000000000e+05
4.249750000000000000e+05
3.235710000000000000e+05
5.008260000000000000e+05
3.684560000000000000e+05
5.010230000000000000e+05
2.358570000000000000e+05
8.139400000000000000e+04
2.644410000000000000e+05
2.413260000000000000e+05
2.720490000000000000e+05
7.842600000000000000e+04
3.995600000000000000e+05
3.928180000000000000e+05
3.469050000000000000e+05
2.310880000000000000e+05
4.406800000000000000e+04
1.593110000000000000e+05
4.507000000000000000e+04
4.698280000000000000e+05
1.363340000000000000e+05
1.855990000000000000e+05
2.397730000000000000e+05
5.270290000000000000e+05
1.286580000000000000e+05
5.160380000000000000e+05
4.797320000000000000e+05
5.297620000000000000e+05
1.970040000000000000e+05
4.554480000000000000e+05
3.902460000000000000e+05
3.948000000000000000e+04
4.939050000000000000e+05
1.205840000000000000e+05
5.552800000000000000e+04
5.331450000000000000e+05
4.027650000000000000e+05
5.275280000000000000e+05
4.598090000000000000e+05
5.380670000000000000e+05
2.989040000000000000e+05
4.470880000000000000e+05
2.624870000000000000e+05
3.624340000000000000e+05
7.022900000000000000e+04
5.450070000000000000e+05
4.544040000000000000e+05
1.947160000000000000e+05
2.020010000000000000e+05
7.958800000000000000e+04
3.953430000000000000e+05
2.628950000000000000e+05
4.339150000000000000e+05
1.720830000000000000e+05
2.511400000000000000e+05
5.412910000000000000e+05
1.052490000000000000e+05
3.232020000000000000e+05
5.507970000000000000e+05
2.266620000000000000e+05
3.526180000000000000e+05
2.054010000000000000e+05
1.447060000000000000e+05
2.215020000000000000e+05
5.203240000000000000e+05
4.914700000000000000e+05
4.546610000000000000e+05
1.832460000000000000e+05
3.033050000000000000e+05
1.792650000000000000e+05
3.386250000000000000e+05
1.869380000000000000e+05
2.032940000000000000e+05
2.923000000000000000e+03
4.701000000000000000e+04
1.851570000000000000e+05
4.020960000000000000e+05
3.535180000000000000e+05
3.561690000000000000e+05
4.753650000000000000e+05
2.259460000000000000e+05
5.533390000000000000e+05
2.001520000000000000e+05
1.489990000000000000e+05
1.938840000000000000e+05
4.552190000000000000e+05
1.988050000000000000e+05
4.163300000000000000e+04
1.332330000000000000e+05
3.591350000000000000e+05
8.094900000000000000e+04
1.670670000000000000e+05
4.901710000000000000e+05
4.937720000000000000e+05
3.561250000000000000e+05
4.765140000000000000e+05
5.094030000000000000e+05
4.842960000000000000e+05
2.445920000000000000e+05
1.889060000000000000e+05
3.247150000000000000e+05
2.706770000000000000e+05
2.915510000000000000e+05
8.907800000000000000e+04
3.225740000000000000e+05
3.441000000000000000e+05
2.468830000000000000e+05
1.429710000000000000e+05
3.353280000000000000e+05
5.360380000000000000e+05
2.416680000000000000e+05
6.507400000000000000e+04
4.158820000000000000e+05
2.380130000000000000e+05
8.436200000000000000e+04
4.742930000000000000e+05
2.567750000000000000e+05
5.060040000000000000e+05
2.709080000000000000e+05
3.793320000000000000e+05
3.313170000000000000e+05
2.157780000000000000e+05
1.723960000000000000e+05
7.315300000000000000e+04
5.609110000000000000e+05
1.358900000000000000e+05
6.036300000000000000e+04
6.681700000000000000e+04
1.099760000000000000e+05
6.684100000000000000e+04
4.712100000000000000e+04
6.807800000000000000e+04
3.277690000000000000e+05
3.683350000000000000e+05
4.578480000000000000e+05
5.787920000000000000e+05
4.689250000000000000e+05
2.762840000000000000e+05
1.961850000000000000e+05
7.171100000000000000e+04
4.237980000000000000e+05
9.871600000000000000e+04
6.656100000000000000e+04
1.574600000000000000e+04
3.903010000000000000e+05
3.948400000000000000e+04
2.736170000000000000e+05
1.768470000000000000e+05
5.420730000000000000e+05
3.075980000000000000e+05
3.091730000000000000e+05
1.447300000000000000e+04
4.163300000000000000e+05
5.724080000000000000e+05
1.258060000000000000e+05
9.006200000000000000e+04
5.055730000000000000e+05
1.607720000000000000e+05
8.825000000000000000e+04
2.933000000000000000e+05
5.113980000000000000e+05
9.396500000000000000e+04
1.632900000000000000e+05
1.348560000000000000e+05
2.679330000000000000e+05
4.003600000000000000e+04
5.769550000000000000e+05
4.655850000000000000e+05
8.173800000000000000e+04
5.161730000000000000e+05
2.242220000000000000e+05
1.487390000000000000e+05
3.715520000000000000e+05
4.780100000000000000e+04
2.495500000000000000e+05
5.699720000000000000e+05
3.179990000000000000e+05
2.578650000000000000e+05
3.249270000000000000e+05
8.002200000000000000e+04
2.375100000000000000e+04
5.730080000000000000e+05
4.031220000000000000e+05
4.388760000000000000e+05
4.122860000000000000e+05
1.791120000000000000e+05
2.613180000000000000e+05
4.104870000000000000e+05
1.685930000000000000e+05
5.360730000000000000e+05
3.174900000000000000e+04
3.102000000000000000e+05
2.918700000000000000e+04
2.481110000000000000e+05
3.071450000000000000e+05
3.084660000000000000e+05
5.513040000000000000e+05
1.147700000000000000e+05
2.344130000000000000e+05
2.673000000000000000e+05
4.044790000000000000e+05
9.654900000000000000e+04
1.107210000000000000e+05
4.380170000000000000e+05
4.052050000000000000e+05
1.346890000000000000e+05
8.969700000000000000e+04
3.493020000000000000e+05
1.650200000000000000e+04
2.335670000000000000e+05
3.218870000000000000e+05
3.452610000000000000e+05
1.474980000000000000e+05
5.097190000000000000e+05
1.691690000000000000e+05
1.192330000000000000e+05
4.395930000000000000e+05
4.262680000000000000e+05
5.651530000000000000e+05
2.353990000000000000e+05
1.294160000000000000e+05
5.190390000000000000e+05
5.182130000000000000e+05
3.652080000000000000e+05
4.500750000000000000e+05
1.522140000000000000e+05
3.996550000000000000e+05
8.015300000000000000e+04
1.942160000000000000e+05
1.190880000000000000e+05
7.175600000000000000e+04
5.771490000000000000e+05
5.642800000000000000e+05
8.582300000000000000e+04
3.646360000000000000e+05
1.672400000000000000e+05
3.527600000000000000e+05
5.698250000000000000e+05
4.666020000000000000e+05
1.281120000000000000e+05
9.682500000000000000e+04
5.622290000000000000e+05
1.573650000000000000e+05
5.362600000000000000e+04
4.954480000000000000e+05
1.207770000000000000e+05
5.358580000000000000e+05
5.306240000000000000e+05
2.634030000000000000e+05
1.671590000000000000e+05
3.286010000000000000e+05
7.646800000000000000e+04
5.541560000000000000e+05
5.308200000000000000e+05
4.001610000000000000e+05
3.838380000000000000e+05
4.980320000000000000e+05
2.718600000000000000e+04
3.662250000000000000e+05
1.566000000000000000e+04
3.991400000000000000e+04
4.504390000000000000e+05
2.481120000000000000e+05
4.270340000000000000e+05
1.701160000000000000e+05
4.107350000000000000e+05
5.241300000000000000e+04
5.793210000000000000e+05
1.578070000000000000e+05
2.569410000000000000e+05
3.763100000000000000e+05
5.503000000000000000e+03
4.041280000000000000e+05
4.975680000000000000e+05
5.000490000000000000e+05
2.488100000000000000e+05
3.969030000000000000e+05
1.790500000000000000e+04
3.722030000000000000e+05
1.892260000000000000e+05
2.776800000000000000e+04
3.506070000000000000e+05
2.048710000000000000e+05
8.846200000000000000e+04
9.911400000000000000e+04
4.751500000000000000e+05
3.202320000000000000e+05
6.723000000000000000e+03
4.764910000000000000e+05
3.132200000000000000e+04
2.780060000000000000e+05
3.149140000000000000e+05
3.379870000000000000e+05
2.496430000000000000e+05
5.789670000000000000e+05
2.478380000000000000e+05
1.314440000000000000e+05
2.617960000000000000e+05
3.125490000000000000e+05
5.736260000000000000e+05
4.263720000000000000e+05
1.477450000000000000e+05
1.540000000000000000e+05
5.350940000000000000e+05
2.864220000000000000e+05
3.570810000000000000e+05
4.582230000000000000e+05
3.115180000000000000e+05
4.452480000000000000e+05
2.817540000000000000e+05
1.121100000000000000e+05
3.410940000000000000e+05
5.178320000000000000e+05
3.034990000000000000e+05
4.482630000000000000e+05
5.595470000000000000e+05
1.091180000000000000e+05
1.741230000000000000e+05
1.359700000000000000e+04
5.790910000000000000e+05
2.091420000000000000e+05
7.004800000000000000e+04
1.069120000000000000e+05
5.485550000000000000e+05
1.540870000000000000e+05
2.178720000000000000e+05
3.048170000000000000e+05
3.419730000000000000e+05
5.545950000000000000e+05
5.963500000000000000e+04
1.625810000000000000e+05
3.344170000000000000e+05
2.370710000000000000e+05
8.577200000000000000e+04
1.593990000000000000e+05
1.932450000000000000e+05
1.098270000000000000e+05
8.929600000000000000e+04
3.204900000000000000e+05
1.542130000000000000e+05
3.658860000000000000e+05
2.331390000000000000e+05
2.151140000000000000e+05
4.295300000000000000e+05
9.506900000000000000e+04
1.613970000000000000e+05
5.697000000000000000e+05
2.312370000000000000e+05
4.190980000000000000e+05
7.840400000000000000e+04
4.252260000000000000e+05
4.261660000000000000e+05
2.920050000000000000e+05
3.385400000000000000e+04
4.844150000000000000e+05
2.998870000000000000e+05
3.941990000000000000e+05
4.054320000000000000e+05
3.142510000000000000e+05
2.148690000000000000e+05
2.561920000000000000e+05
9.852000000000000000e+04
3.882580000000000000e+05
2.963170000000000000e+05
2.380390000000000000e+05
3.558170000000000000e+05
5.692730000000000000e+05
3.577480000000000000e+05
2.010700000000000000e+04
4.155360000000000000e+05
8.417000000000000000e+04
5.092580000000000000e+05
1.041190000000000000e+05
4.256300000000000000e+04
6.613500000000000000e+04
2.793200000000000000e+04
4.887100000000000000e+05
3.630720000000000000e+05
4.692460000000000000e+05
2.346600000000000000e+05
4.308710000000000000e+05
1.402030000000000000e+05
4.349960000000000000e+05
1.883300000000000000e+04
4.098670000000000000e+05
5.811100000000000000e+04
3.430760000000000000e+05
4.434260000000000000e+05
2.651080000000000000e+05
5.404660000000000000e+05
5.838400000000000000e+04
1.834370000000000000e+05
3.479300000000000000e+05
3.899330000000000000e+05
2.219200000000000000e+04
4.916830000000000000e+05
5.246200000000000000e+04
5.044390000000000000e+05
3.473700000000000000e+05
2.587000000000000000e+03
6.085500000000000000e+04
2.100300000000000000e+05
1.537970000000000000e+05
3.584270000000000000e+05
1.693560000000000000e+05
3.786730000000000000e+05
2.230900000000000000e+05
2.630680000000000000e+05
3.196170000000000000e+05
5.758150000000000000e+05
4.033530000000000000e+05
1.104490000000000000e+05
3.191000000000000000e+05
5.776000000000000000e+04
1.643900000000000000e+04
4.373700000000000000e+04
2.922250000000000000e+05
1.717880000000000000e+05
5.043890000000000000e+05
1.814990000000000000e+05
1.921910000000000000e+05
4.331920000000000000e+05
5.069330000000000000e+05
1.296000000000000000e+03
4.442750000000000000e+05
5.122480000000000000e+05
1.455910000000000000e+05
6.883300000000000000e+04
2.293110000000000000e+05
3.516090000000000000e+05
3.848080000000000000e+05
2.062710000000000000e+05
3.480450000000000000e+05
3.296140000000000000e+05
8.976100000000000000e+04
2.673510000000000000e+05
4.637800000000000000e+04
2.933240000000000000e+05
1.665090000000000000e+05
4.382690000000000000e+05
4.744520000000000000e+05
3.385320000000000000e+05
1.578470000000000000e+05
1.340340000000000000e+05
2.679460000000000000e+05
4.890460000000000000e+05
3.471630000000000000e+05
2.100990000000000000e+05
3.539700000000000000e+05
4.161700000000000000e+05
5.743150000000000000e+05
1.563720000000000000e+05
4.239440000000000000e+05
1.336450000000000000e+05
2.225590000000000000e+05
1.886890000000000000e+05
1.004280000000000000e+05
1.636820000000000000e+05
1.572130000000000000e+05
2.875270000000000000e+05
5.576720000000000000e+05
4.231040000000000000e+05
5.159820000000000000e+05
1.299450000000000000e+05
2.131710000000000000e+05
5.597070000000000000e+05
3.096550000000000000e+05
3.241580000000000000e+05
2.473000000000000000e+03
6.862800000000000000e+04
4.476110000000000000e+05
1.427900000000000000e+05
3.934690000000000000e+05
3.459410000000000000e+05
4.200690000000000000e+05
2.279850000000000000e+05
2.166360000000000000e+05
1.645100000000000000e+04
3.162000000000000000e+04
4.208400000000000000e+05
4.226700000000000000e+05
4.515710000000000000e+05
2.138300000000000000e+05
7.996900000000000000e+04
4.850270000000000000e+05
3.071720000000000000e+05
5.217170000000000000e+05
1.821550000000000000e+05
6.663500000000000000e+04
3.672280000000000000e+05
1.409290000000000000e+05
4.300480000000000000e+05
2.260580000000000000e+05
3.211180000000000000e+05
7.817000000000000000e+04
3.349770000000000000e+05
4.041910000000000000e+05
5.013680000000000000e+05
6.789600000000000000e+04
7.888000000000000000e+03
1.839650000000000000e+05
2.592000000000000000e+03
1.258500000000000000e+05
3.382190000000000000e+05
3.609510000000000000e+05
4.461170000000000000e+05
4.375140000000000000e+05
2.258900000000000000e+04
5.753720000000000000e+05
1.950450000000000000e+05
1.524650000000000000e+05
2.301660000000000000e+05
3.515890000000000000e+05
1.703100000000000000e+04
5.346730000000000000e+05
2.398430000000000000e+05
4.909100000000000000e+04
1.767010000000000000e+05
4.759040000000000000e+05
5.394450000000000000e+05
1.041980000000000000e+05
5.739430000000000000e+05
3.476640000000000000e+05
5.242800000000000000e+05
5.335360000000000000e+05
5.100800000000000000e+04
1.551450000000000000e+05
2.455760000000000000e+05
4.917250000000000000e+05
5.433000000000000000e+05
5.261030000000000000e+05
1.333430000000000000e+05
8.106100000000000000e+04
2.302300000000000000e+04
3.598550000000000000e+05
4.027740000000000000e+05
4.122400000000000000e+05
3.500190000000000000e+05
3.282380000000000000e+05
5.289100000000000000e+04
1.402860000000000000e+05
4.814800000000000000e+05
5.086390000000000000e+05
4.547200000000000000e+04
1.392600000000000000e+05
3.124060000000000000e+05
5.628180000000000000e+05
3.495940000000000000e+05
3.556770000000000000e+05
2.558240000000000000e+05
4.479170000000000000e+05
2.450260000000000000e+05
2.721480000000000000e+05
2.315490000000000000e+05
1.916720000000000000e+05
4.373310000000000000e+05
1.772130000000000000e+05
1.792850000000000000e+05
5.114530000000000000e+05
8.904500000000000000e+04
3.431490000000000000e+05
6.050700000000000000e+04
7.409200000000000000e+04
3.909020000000000000e+05
5.136880000000000000e+05
4.143400000000000000e+05
2.055300000000000000e+04
3.666000000000000000e+04
2.850470000000000000e+05
2.156440000000000000e+05
1.400700000000000000e+04
5.376720000000000000e+05
2.424110000000000000e+05
2.182490000000000000e+05
1.222170000000000000e+05
1.293220000000000000e+05
5.074730000000000000e+05
5.653910000000000000e+05
5.459580000000000000e+05
5.248500000000000000e+05
1.164790000000000000e+05
1.313860000000000000e+05
4.691740000000000000e+05
2.888820000000000000e+05
1.159460000000000000e+05
4.367380000000000000e+05
2.268020000000000000e+05
2.916640000000000000e+05
3.402720000000000000e+05
3.976390000000000000e+05
4.046010000000000000e+05
3.266270000000000000e+05
4.405080000000000000e+05
3.965680000000000000e+05
7.940800000000000000e+04
2.865070000000000000e+05
2.393700000000000000e+04
2.617060000000000000e+05
5.704480000000000000e+05
2.876490000000000000e+05
4.582550000000000000e+05
2.998400000000000000e+04
5.356080000000000000e+05
1.786180000000000000e+05
5.550050000000000000e+05
2.897020000000000000e+05
5.012430000000000000e+05
4.246420000000000000e+05
1.931810000000000000e+05
3.980280000000000000e+05
2.536950000000000000e+05
3.467070000000000000e+05
3.423970000000000000e+05
1.648850000000000000e+05
4.315450000000000000e+05
3.879160000000000000e+05
2.515370000000000000e+05
1.468310000000000000e+05
2.099200000000000000e+04
4.394260000000000000e+05
4.146380000000000000e+05
2.147030000000000000e+05
4.252800000000000000e+04
3.530270000000000000e+05
3.208100000000000000e+04
1.516290000000000000e+05
2.962310000000000000e+05
3.745450000000000000e+05
5.116470000000000000e+05
2.636790000000000000e+05
2.246640000000000000e+05
4.146730000000000000e+05
3.940500000000000000e+04
1.018840000000000000e+05
3.709000000000000000e+05
5.287050000000000000e+05
5.084400000000000000e+04
1.740180000000000000e+05
2.810320000000000000e+05
4.167450000000000000e+05
1.360330000000000000e+05
5.500200000000000000e+04
4.549780000000000000e+05
5.550120000000000000e+05
4.239710000000000000e+05
3.807000000000000000e+04
4.273380000000000000e+05
3.215570000000000000e+05
2.700660000000000000e+05
4.996220000000000000e+05
3.423670000000000000e+05
4.568650000000000000e+05
3.068930000000000000e+05
3.597810000000000000e+05
1.528700000000000000e+05
2.847620000000000000e+05
1.621300000000000000e+05
3.775750000000000000e+05
5.037000000000000000e+03
1.472230000000000000e+05
2.696320000000000000e+05
3.334020000000000000e+05
4.978670000000000000e+05
5.529900000000000000e+04
1.184050000000000000e+05
4.829780000000000000e+05
2.001620000000000000e+05
1.359020000000000000e+05
9.589900000000000000e+04
1.773830000000000000e+05
5.748100000000000000e+05
1.787440000000000000e+05
2.060250000000000000e+05
5.021680000000000000e+05
9.485200000000000000e+04
4.423060000000000000e+05
1.457810000000000000e+05
2.954780000000000000e+05
2.864580000000000000e+05
5.113840000000000000e+05
5.320710000000000000e+05
5.412300000000000000e+04
2.996090000000000000e+05
4.511440000000000000e+05
8.568200000000000000e+04
1.300400000000000000e+04
2.162770000000000000e+05
3.434530000000000000e+05
1.493750000000000000e+05
7.991000000000000000e+03
1.960090000000000000e+05
4.382260000000000000e+05
3.930140000000000000e+05
4.646300000000000000e+04
1.196770000000000000e+05
2.557470000000000000e+05
5.637580000000000000e+05
2.065790000000000000e+05
4.511550000000000000e+05
2.636440000000000000e+05
8.897000000000000000e+04
3.121700000000000000e+04
1.940200000000000000e+04
5.398830000000000000e+05
2.364260000000000000e+05
5.779590000000000000e+05
1.408400000000000000e+05
3.749820000000000000e+05
1.618610000000000000e+05
2.769210000000000000e+05
3.551690000000000000e+05
7.311800000000000000e+04
1.597910000000000000e+05
3.111800000000000000e+04
3.181140000000000000e+05
1.577560000000000000e+05
5.578840000000000000e+05
3.142640000000000000e+05
1.610080000000000000e+05
3.315690000000000000e+05
2.436260000000000000e+05
3.687520000000000000e+05
3.337450000000000000e+05
3.702080000000000000e+05
5.571720000000000000e+05
8.557600000000000000e+04
1.920470000000000000e+05
4.661560000000000000e+05
5.640230000000000000e+05
4.536340000000000000e+05
1.317700000000000000e+04
3.775100000000000000e+04
5.023470000000000000e+05
1.599770000000000000e+05
4.715670000000000000e+05
2.350570000000000000e+05
1.507260000000000000e+05
3.343710000000000000e+05
2.714570000000000000e+05
8.899000000000000000e+03
2.128950000000000000e+05
3.019810000000000000e+05
4.045340000000000000e+05
7.956500000000000000e+04
3.745510000000000000e+05
9.315400000000000000e+04
1.004890000000000000e+05
4.477890000000000000e+05
4.752230000000000000e+05
1.496220000000000000e+05
1.801880000000000000e+05
4.406170000000000000e+05
3.766250000000000000e+05
4.783930000000000000e+05
3.873830000000000000e+05
2.052890000000000000e+05
5.223930000000000000e+05
8.027400000000000000e+04
2.482840000000000000e+05
1.589450000000000000e+05
1.214170000000000000e+05
2.068310000000000000e+05
4.539810000000000000e+05
2.350640000000000000e+05
3.084760000000000000e+05
3.056950000000000000e+05
1.044550000000000000e+05
3.310750000000000000e+05
3.559050000000000000e+05
3.283370000000000000e+05
3.774970000000000000e+05
7.281000000000000000e+03
5.131810000000000000e+05
3.714720000000000000e+05
1.718200000000000000e+04
5.620590000000000000e+05
4.075240000000000000e+05
3.064370000000000000e+05
1.162060000000000000e+05
3.938380000000000000e+05
2.295530000000000000e+05
9.461400000000000000e+04
1.726490000000000000e+05
2.525070000000000000e+05
3.261280000000000000e+05
5.131400000000000000e+04
5.568730000000000000e+05
4.179110000000000000e+05
8.198800000000000000e+04
8.629000000000000000e+03
6.489800000000000000e+04
3.300500000000000000e+04
3.882150000000000000e+05
1.116090000000000000e+05
6.471800000000000000e+04
8.268800000000000000e+04
2.097530000000000000e+05
5.311350000000000000e+05
2.464360000000000000e+05
4.401840000000000000e+05
5.044150000000000000e+05
4.467030000000000000e+05
4.802120000000000000e+05
4.429930000000000000e+05
7.193800000000000000e+04
1.364660000000000000e+05
2.845200000000000000e+04
5.814820000000000000e+05
2.174250000000000000e+05
1.404390000000000000e+05
2.601050000000000000e+05
2.907680000000000000e+05
3.575670000000000000e+05
2.371180000000000000e+05
2.327200000000000000e+04
4.102210000000000000e+05
2.455130000000000000e+05
4.453650000000000000e+05
2.797140000000000000e+05
3.145410000000000000e+05
2.261540000000000000e+05
3.942750000000000000e+05
2.297530000000000000e+05
2.617120000000000000e+05
1.904200000000000000e+04
2.632990000000000000e+05
2.525590000000000000e+05
5.014500000000000000e+04
4.678480000000000000e+05
5.723880000000000000e+05
2.722120000000000000e+05
3.770000000000000000e+05
1.814210000000000000e+05
1.196410000000000000e+05
2.444960000000000000e+05
5.656240000000000000e+05
4.428360000000000000e+05
4.282180000000000000e+05
6.174700000000000000e+04
5.537880000000000000e+05
1.535100000000000000e+05
3.454690000000000000e+05
3.891970000000000000e+05
6.320000000000000000e+02
4.779550000000000000e+05
1.286750000000000000e+05
4.027200000000000000e+05
3.530960000000000000e+05
1.570460000000000000e+05
4.787210000000000000e+05
3.375900000000000000e+04
9.828700000000000000e+04
1.582270000000000000e+05
4.076460000000000000e+05
2.203100000000000000e+05
5.124030000000000000e+05
1.689740000000000000e+05
5.527750000000000000e+05
